[59, 79, 79, 99, 61]
[95, 75, 96, 72, 77]
[82, 57, 84, 57, 55]
[97, 79, 66, 53, 92]
[91, 63, 71, 64, 69]
[99, 63, 61, 59, 62]
[72, 73, 90, 76, 63]
[75, 79, 85, 67, 100]
[74, 60, 91, 90, 57]
[61, 50, 88, 75, 59]
[99, 86, 60, 62, 60]
[51, 92, 65, 78, 90]
[74, 58, 89, 85, 98]
[53, 88, 65, 95, 89]
[99, 82, 95, 68, 94]
[87, 71, 83, 93, 71]
[84, 73, 80, 75, 98]
[53, 56, 69, 91, 77]
[66, 65, 95, 95, 77]
[99, 82, 81, 87, 66]
[59, 53, 93, 87, 70]
[60, 53, 98, 67, 95]
[94, 57, 95, 53, 100]
[88, 64, 69, 83, 89]
[63, 91, 97, 96, 86]
[72, 71, 79, 50, 94]
[57, 80, 62, 83, 57]
[96, 88, 63, 52, 74]
[96, 56, 75, 93, 95]
[59, 89, 92, 91, 80]
[84, 52, 94, 78, 60]
[53, 80, 98, 53, 62]
[65, 60, 56, 52, 58]
[63, 91, 55, 57, 66]
[54, 94, 96, 75, 52]
[84, 77, 80, 78, 71]
[94, 79, 83, 62, 88]
[87, 66, 76, 59, 63]
[76, 54, 88, 67, 75]
[66, 95, 56, 62, 64]
[53, 74, 67, 50, 67]
[100, 69, 52, 51, 85]
[68, 64, 75, 50, 91]
[55, 64, 69, 91, 91]
[96, 90, 51, 55, 87]
[72, 70, 93, 78, 52]
[96, 99, 61, 55, 51]
[94, 89, 72, 85, 59]
[60, 94, 50, 93, 97]
[50, 95, 70, 82, 75]
[61, 74, 74, 96, 78]
[62, 63, 60, 88, 86]
[85, 67, 54, 90, 79]
[90, 97, 58, 77, 87]
[87, 82, 57, 91, 69]
[58, 57, 87, 89, 64]
[53, 75, 79, 77, 95]
[72, 55, 54, 52, 78]
[76, 51, 86, 59, 80]
[56, 94, 55, 68, 90]
[93, 56, 85, 86, 59]
[58, 98, 85, 87, 59]
[60, 72, 97, 86, 74]
[95, 96, 56, 91, 81]
[70, 57, 93, 100, 80]
[68, 64, 97, 99, 99]
[72, 64, 52, 50, 64]
[82, 57, 85, 55, 58]
[80, 90, 53, 97, 80]
[72, 82, 80, 63, 81]
[53, 92, 82, 87, 66]
[51, 88, 83, 83, 99]
[56, 94, 61, 52, 87]
[95, 64, 79, 94, 50]
[57, 64, 73, 70, 57]
[90, 69, 56, 69, 69]
[94, 78, 89, 62, 70]
[55, 60, 71, 88, 99]
[91, 89, 59, 62, 95]
[77, 55, 55, 70, 88]
[63, 70, 67, 59, 92]
[57, 78, 98, 51, 63]
[83, 60, 80, 97, 88]
[92, 52, 84, 78, 72]
[50, 55, 81, 53, 77]
[74, 59, 62, 77, 61]
[63, 67, 66, 63, 68]
[75, 75, 66, 71, 51]
[96, 67, 65, 83, 61]
[53, 92, 76, 55, 96]
[72, 57, 60, 100, 89]
[80, 73, 63, 99, 92]
[83, 65, 75, 51, 79]
[71, 52, 66, 81, 88]
[53, 100, 54, 72, 52]
[91, 66, 99, 87, 79]
[86, 89, 96, 68, 84]
[75, 73, 70, 60, 58]
[97, 61, 71, 81, 99]
[75, 89, 76, 65, 98]
[81, 97, 56, 83, 63]
[61, 54, 65, 55, 51]
[89, 100, 67, 80, 64]
[71, 76, 94, 52, 88]
[67, 80, 72, 94, 71]
[95, 94, 54, 82, 68]
[89, 97, 60, 73, 69]
[64, 75, 77, 52, 50]
[67, 55, 84, 96, 98]
[94, 56, 100, 67, 90]
[77, 80, 84, 67, 97]
[99, 90, 85, 93, 52]
[81, 93, 90, 69, 61]
[55, 55, 98, 81, 89]
[91, 90, 63, 83, 55]
[71, 89, 95, 59, 75]
[82, 52, 75, 71, 76]
[61, 86, 77, 65, 100]
[93, 97, 88, 93, 55]
[78, 73, 50, 68, 77]
[50, 78, 95, 88, 68]
[62, 100, 78, 81, 90]
[95, 83, 58, 80, 59]
[63, 91, 68, 74, 50]
[51, 75, 57, 99, 90]
[100, 96, 86, 65, 59]
[98, 98, 65, 80, 61]
[76, 69, 68, 83, 74]
[74, 74, 86, 95, 99]
[93, 80, 57, 85, 86]
[99, 58, 52, 82, 97]
[53, 51, 82, 77, 74]
[74, 64, 51, 57, 54]
[64, 92, 74, 67, 69]
[83, 97, 60, 89, 80]
[89, 98, 85, 73, 92]
[72, 72, 76, 67, 54]
[77, 64, 74, 50, 68]
[84, 52, 90, 73, 98]
[95, 92, 93, 80, 76]
[66, 78, 58, 94, 81]
[89, 98, 88, 72, 68]
[50, 54, 75, 57, 83]
[100, 75, 63, 92, 60]
[67, 53, 52, 95, 55]
[83, 94, 98, 78, 100]
[72, 51, 72, 87, 93]
[62, 91, 71, 97, 65]
[86, 68, 83, 89, 68]
[70, 91, 70, 70, 66]
[56, 60, 92, 69, 78]
[82, 90, 64, 64, 65]
[71, 59, 75, 80, 79]
[59, 75, 72, 92, 61]
[96, 90, 65, 89, 64]
[95, 68, 68, 81, 69]
[85, 90, 87, 67, 87]
[71, 51, 100, 74, 89]
[74, 85, 77, 80, 68]
[83, 76, 96, 97, 51]
[95, 83, 75, 96, 59]
[71, 88, 67, 72, 73]
[77, 57, 87, 61, 97]
[58, 95, 57, 55, 79]
[59, 62, 60, 53, 85]
[95, 98, 85, 80, 79]
[95, 90, 87, 69, 54]
[75, 56, 71, 81, 91]
[78, 79, 98, 87, 68]
[85, 96, 86, 52, 86]
[99, 96, 59, 54, 51]
[97, 79, 86, 55, 97]
[70, 51, 86, 52, 93]
[84, 85, 97, 56, 83]
[99, 56, 55, 72, 100]
[77, 96, 85, 56, 68]
[50, 89, 71, 51, 79]
[98, 61, 96, 53, 95]
[98, 76, 53, 97, 91]
[91, 97, 84, 90, 85]
[71, 98, 66, 97, 97]
[81, 55, 53, 96, 79]
[80, 89, 92, 66, 95]
[64, 74, 52, 85, 75]
[98, 86, 50, 56, 67]
[61, 94, 74, 50, 61]
[76, 60, 92, 86, 63]
[69, 64, 54, 59, 90]
[82, 53, 85, 71, 100]
[56, 87, 95, 87, 68]
[89, 91, 97, 62, 56]
[94, 75, 87, 71, 99]
[53, 72, 75, 52, 93]
[82, 88, 93, 96, 100]
[94, 70, 64, 97, 71]
[97, 69, 85, 60, 54]
[85, 91, 79, 74, 57]
[50, 52, 71, 92, 96]
[95, 83, 67, 85, 99]
[98, 91, 83, 96, 91]
[82, 85, 60, 79, 53]
[93, 60, 56, 86, 51]
[73, 85, 51, 69, 83]
[81, 94, 62, 90, 53]
[73, 64, 95, 97, 63]
[78, 56, 57, 79, 90]
[52, 81, 60, 100, 77]
[79, 78, 94, 77, 81]
[87, 98, 93, 66, 93]
[81, 54, 66, 73, 74]
[62, 56, 84, 63, 54]
[93, 83, 51, 71, 62]
[53, 88, 75, 81, 90]
[83, 52, 66, 98, 72]
[87, 73, 55, 55, 52]
[70, 92, 61, 80, 50]
[86, 81, 67, 56, 92]
[93, 78, 51, 90, 74]
[62, 84, 54, 90, 68]
[59, 88, 56, 97, 88]
[95, 78, 89, 65, 50]
[85, 90, 94, 56, 87]
[70, 88, 50, 77, 61]
[93, 93, 68, 98, 94]
[65, 87, 52, 67, 74]
[70, 51, 61, 68, 72]
[68, 94, 86, 66, 81]
[75, 91, 73, 58, 82]
[55, 65, 96, 70, 77]
[81, 91, 56, 50, 61]
[90, 59, 84, 61, 54]
[52, 65, 56, 89, 95]
[93, 75, 83, 80, 97]
[88, 85, 68, 93, 96]
[81, 58, 91, 74, 75]
[83, 56, 90, 51, 63]
[69, 76, 60, 54, 73]
[74, 62, 65, 97, 71]
[60, 88, 62, 70, 90]
[69, 60, 70, 76, 79]
[57, 78, 81, 75, 76]
[60, 62, 80, 54, 72]
[63, 97, 76, 81, 81]
[91, 58, 87, 53, 84]
[84, 98, 84, 66, 83]
[89, 95, 50, 92, 61]
[97, 82, 82, 88, 100]
[83, 92, 85, 93, 99]
[55, 58, 50, 78, 92]
[95, 68, 78, 87, 78]
[70, 64, 67, 87, 69]
[66, 59, 97, 88, 87]
[95, 95, 83, 55, 65]
[95, 56, 74, 88, 96]
[59, 57, 58, 85, 79]
[61, 90, 68, 57, 67]
[68, 53, 61, 84, 83]
[94, 54, 88, 97, 95]
[85, 92, 64, 85, 97]
[76, 83, 98, 72, 55]
[84, 67, 65, 85, 75]
[79, 82, 90, 86, 81]
[56, 50, 60, 50, 66]
[92, 65, 91, 65, 51]
[72, 62, 90, 70, 57]
[100, 53, 97, 67, 61]
[90, 79, 80, 87, 65]
[100, 69, 61, 56, 63]
[54, 99, 62, 94, 63]
[69, 60, 65, 78, 60]
[52, 89, 55, 100, 56]
[63, 80, 76, 53, 68]
[98, 85, 99, 62, 88]
[56, 64, 53, 80, 52]
[52, 88, 78, 80, 88]
[95, 63, 80, 53, 58]
[60, 85, 62, 62, 99]
[69, 59, 55, 56, 83]
[70, 99, 78, 75, 98]
[97, 95, 70, 98, 85]
[64, 83, 89, 64, 76]
[92, 100, 74, 55, 96]
[82, 93, 77, 70, 64]
[53, 72, 83, 96, 60]
[63, 82, 63, 52, 52]
[56, 77, 67, 92, 94]
[63, 61, 54, 97, 82]
[67, 67, 93, 62, 53]
[68, 99, 91, 63, 57]
[91, 79, 50, 92, 89]
[75, 80, 51, 83, 69]
[66, 71, 94, 52, 76]
[99, 77, 58, 79, 71]
[68, 95, 67, 85, 73]
[52, 90, 68, 92, 69]
[74, 91, 82, 79, 50]
[61, 78, 73, 79, 69]
[59, 78, 86, 57, 59]
[99, 74, 68, 58, 66]
[72, 86, 55, 58, 86]
[52, 88, 58, 94, 69]
[97, 57, 77, 75, 62]
[97, 77, 65, 52, 62]
[66, 91, 57, 56, 70]
[87, 80, 99, 82, 68]
[55, 86, 89, 56, 66]
[67, 97, 94, 84, 69]
[55, 67, 54, 65, 51]
[52, 53, 92, 71, 64]
[75, 67, 93, 90, 63]
[89, 87, 93, 88, 82]
[53, 53, 98, 99, 83]
[62, 69, 94, 86, 85]
[80, 97, 87, 68, 100]
[59, 99, 96, 77, 81]
[94, 70, 66, 69, 52]
[98, 99, 91, 100, 65]
[56, 81, 57, 72, 68]
[55, 53, 73, 90, 64]
[81, 96, 61, 86, 61]
[77, 66, 77, 94, 51]
[53, 53, 67, 74, 88]
[52, 64, 94, 86, 53]
[99, 98, 74, 93, 73]
[60, 86, 57, 65, 53]
[91, 98, 82, 95, 67]
[87, 88, 96, 89, 96]
[54, 96, 99, 55, 64]
[80, 67, 75, 81, 100]
[53, 64, 96, 70, 65]
[67, 93, 70, 65, 99]
[72, 85, 78, 53, 81]
[90, 77, 78, 100, 73]
[98, 72, 71, 93, 89]
[97, 61, 94, 79, 86]
[96, 93, 62, 91, 69]
[80, 70, 66, 94, 100]
[52, 93, 96, 100, 59]
[69, 59, 72, 96, 52]
[52, 55, 92, 98, 78]
[76, 98, 74, 59, 82]
[57, 97, 59, 82, 92]
[89, 86, 52, 60, 84]
[95, 63, 77, 84, 78]
[60, 78, 60, 54, 100]
[93, 82, 93, 67, 69]
[68, 72, 52, 71, 62]
[71, 88, 66, 50, 89]
[62, 68, 76, 97, 59]
[67, 63, 52, 76, 64]
[52, 68, 50, 60, 79]
[84, 88, 95, 90, 85]
[83, 89, 98, 53, 56]
[70, 77, 61, 68, 63]
[85, 95, 96, 89, 84]
[51, 97, 99, 53, 57]
[64, 97, 63, 53, 57]
[58, 68, 55, 77, 70]
[77, 56, 60, 85, 61]
[90, 58, 67, 62, 73]
[92, 50, 54, 81, 94]
[98, 97, 90, 72, 71]
[69, 75, 99, 89, 66]
[56, 77, 74, 66, 52]
[56, 69, 50, 60, 85]
[56, 84, 59, 69, 95]
[88, 81, 97, 62, 90]
[93, 69, 79, 74, 54]
[56, 88, 67, 89, 53]
[61, 76, 96, 76, 50]
[91, 65, 61, 73, 90]
[100, 64, 78, 78, 58]
[64, 71, 73, 57, 77]
[79, 95, 91, 90, 91]
[82, 88, 75, 51, 88]
[52, 59, 96, 54, 67]
[73, 69, 95, 54, 56]
[58, 78, 90, 52, 80]
[96, 100, 88, 93, 58]
[69, 64, 54, 97, 68]
[86, 96, 83, 94, 98]
[92, 52, 93, 91, 58]
[64, 83, 67, 82, 77]
[76, 84, 72, 50, 81]
[100, 55, 89, 89, 72]
[97, 56, 89, 50, 66]
[94, 62, 91, 91, 90]
[56, 63, 92, 65, 77]
[98, 84, 72, 97, 74]
[57, 100, 82, 79, 75]
[56, 93, 76, 100, 98]
[81, 63, 88, 73, 71]
[69, 100, 86, 70, 50]
[86, 62, 67, 94, 69]
[62, 96, 75, 62, 96]
[93, 96, 56, 83, 63]
[75, 62, 52, 62, 97]
[68, 82, 84, 54, 58]
[61, 82, 56, 68, 96]
[73, 73, 62, 56, 85]
[80, 97, 65, 56, 50]
[91, 79, 89, 69, 98]
[96, 84, 52, 75, 83]
[71, 54, 91, 60, 65]
[97, 86, 92, 77, 93]
[80, 90, 92, 86, 72]
[65, 57, 77, 92, 75]
[95, 75, 73, 78, 52]
[83, 75, 56, 94, 70]
[91, 62, 84, 93, 71]
[84, 96, 80, 86, 91]
[94, 52, 71, 67, 50]
[68, 71, 51, 84, 54]
[95, 52, 72, 65, 91]
[87, 59, 57, 64, 77]
[100, 85, 88, 73, 51]
[96, 77, 66, 78, 76]
[59, 97, 95, 70, 56]
[62, 93, 52, 93, 52]
[71, 84, 58, 74, 88]
[81, 62, 51, 60, 75]
[74, 97, 77, 55, 52]
[50, 72, 70, 99, 56]
[83, 73, 75, 94, 93]
[86, 61, 82, 57, 87]
[53, 56, 57, 62, 87]
[93, 63, 61, 67, 76]
[65, 53, 60, 67, 82]
[66, 77, 50, 74, 94]
[70, 92, 70, 64, 72]
[90, 74, 69, 67, 100]
[71, 99, 61, 97, 67]
[88, 87, 56, 68, 68]
[87, 73, 75, 94, 96]
[68, 92, 55, 97, 91]
[81, 74, 68, 89, 59]
[76, 98, 89, 74, 76]
[55, 63, 78, 62, 69]
[50, 55, 71, 94, 65]
[60, 68, 79, 54, 69]
[72, 79, 53, 98, 99]
[91, 93, 54, 59, 72]
[68, 62, 100, 76, 74]
[70, 53, 56, 85, 58]
[58, 83, 60, 95, 55]
[90, 86, 71, 55, 70]
[52, 60, 62, 69, 88]
[81, 53, 95, 80, 93]
[91, 61, 82, 56, 86]
[58, 89, 80, 57, 56]
[93, 51, 55, 52, 67]
[72, 79, 52, 61, 56]
[91, 83, 85, 58, 83]
[84, 97, 53, 81, 58]
[69, 69, 76, 91, 70]
[75, 81, 89, 60, 69]
[52, 79, 84, 75, 86]
[95, 93, 65, 95, 92]
[60, 52, 50, 81, 97]
[96, 84, 91, 66, 98]
[77, 87, 82, 97, 92]
[82, 92, 55, 64, 55]
[58, 89, 91, 96, 67]
[92, 91, 84, 85, 94]
[100, 57, 63, 59, 51]
[57, 89, 91, 50, 81]
[83, 68, 100, 63, 56]
[81, 79, 89, 83, 80]
[70, 96, 86, 89, 62]
[84, 54, 93, 62, 88]
[98, 59, 63, 66, 53]
[90, 73, 82, 90, 78]
[68, 72, 61, 79, 84]
[100, 90, 57, 94, 94]
[50, 75, 66, 98, 51]
[92, 98, 100, 78, 69]
[60, 79, 97, 100, 78]
[56, 99, 54, 73, 100]
[51, 71, 90, 55, 87]
[80, 53, 91, 83, 53]
[75, 89, 65, 59, 85]
[74, 85, 74, 79, 98]
[50, 69, 52, 99, 99]
[71, 70, 79, 50, 94]
[58, 52, 76, 54, 70]
[72, 82, 88, 56, 96]
[79, 52, 88, 76, 81]
[87, 80, 67, 77, 57]
[57, 82, 91, 65, 83]
[97, 100, 51, 77, 70]
[78, 82, 75, 51, 94]
[59, 87, 98, 98, 80]
[64, 59, 64, 65, 54]
[94, 84, 90, 84, 72]
[84, 63, 90, 76, 51]
[89, 79, 92, 65, 59]
[67, 88, 71, 82, 62]
[75, 57, 55, 94, 89]
[88, 91, 69, 72, 63]
[65, 58, 95, 76, 58]
[79, 79, 53, 53, 95]
[62, 89, 52, 100, 58]
[68, 94, 66, 92, 79]
[97, 59, 81, 70, 91]
[93, 80, 85, 73, 67]
[99, 66, 99, 67, 71]
[60, 53, 73, 67, 58]
[59, 64, 87, 79, 89]
[72, 57, 73, 62, 88]
[80, 74, 59, 91, 90]
[52, 59, 91, 63, 53]
[58, 77, 76, 82, 87]
[72, 67, 74, 63, 100]
[92, 89, 99, 88, 70]
[65, 63, 83, 65, 93]
[96, 76, 86, 70, 84]
[80, 66, 89, 55, 78]
[72, 86, 87, 62, 93]
[87, 83, 87, 71, 88]
[90, 52, 67, 95, 96]
[86, 76, 87, 62, 68]
[67, 100, 50, 74, 65]
[67, 67, 78, 66, 72]
[70, 77, 71, 79, 94]
[81, 96, 78, 87, 87]
[74, 56, 85, 97, 94]
[56, 51, 91, 67, 63]
[76, 85, 92, 64, 61]
[70, 61, 82, 91, 95]
[53, 81, 63, 62, 88]
[58, 51, 88, 82, 88]
[75, 77, 56, 80, 59]
[64, 80, 75, 100, 85]
[98, 92, 73, 89, 82]
[96, 59, 79, 90, 69]
[90, 93, 68, 80, 77]
[65, 99, 86, 76, 74]
[60, 84, 91, 86, 81]
[62, 97, 78, 99, 71]
[64, 62, 71, 85, 67]
[78, 72, 50, 57, 60]
[96, 67, 68, 82, 64]
[83, 51, 53, 72, 80]
[87, 66, 86, 63, 56]
[84, 93, 65, 96, 100]
[57, 66, 60, 58, 83]
[98, 50, 59, 99, 86]
[64, 64, 94, 92, 73]
[95, 66, 82, 58, 84]
[75, 51, 98, 87, 83]
[59, 87, 96, 88, 81]
[51, 100, 80, 85, 98]
[89, 61, 65, 95, 64]
[97, 69, 61, 64, 99]
[68, 61, 71, 58, 99]
[100, 89, 53, 91, 67]
[85, 73, 89, 86, 82]
[78, 91, 80, 91, 98]
[97, 95, 89, 87, 86]
[58, 93, 70, 66, 91]
[92, 59, 71, 69, 94]
[57, 67, 90, 51, 59]
[65, 94, 64, 50, 80]
[77, 65, 56, 66, 98]
[78, 90, 71, 98, 78]
[71, 76, 85, 66, 52]
[56, 99, 52, 97, 50]
[99, 60, 71, 73, 88]
[83, 97, 53, 53, 52]
[60, 50, 87, 98, 89]
[93, 89, 74, 94, 83]
[65, 56, 61, 66, 91]
[62, 89, 99, 96, 68]
[53, 79, 67, 50, 70]
[66, 58, 83, 95, 56]
[73, 100, 67, 70, 52]
[90, 94, 72, 78, 93]
[81, 93, 52, 80, 75]
[57, 93, 90, 72, 81]
[65, 84, 62, 83, 100]
[74, 51, 66, 84, 89]
[86, 71, 97, 58, 84]
[88, 79, 77, 87, 63]
[62, 99, 65, 53, 80]
[78, 56, 92, 88, 74]
[79, 75, 67, 100, 97]
[99, 52, 62, 62, 65]
[68, 57, 79, 64, 54]
[68, 92, 60, 55, 67]
[79, 80, 100, 64, 57]
[55, 75, 98, 90, 91]
[55, 94, 63, 51, 89]
[90, 79, 89, 55, 50]
[77, 65, 90, 60, 95]
[95, 84, 77, 66, 90]
[71, 57, 50, 59, 91]
[57, 75, 96, 96, 81]
[97, 56, 98, 100, 65]
[63, 64, 85, 81, 79]
[98, 61, 70, 58, 98]
[100, 56, 56, 51, 95]
[93, 86, 88, 99, 94]
[89, 97, 62, 57, 87]
[73, 67, 63, 85, 96]
[97, 80, 51, 55, 88]
[53, 64, 90, 62, 68]
[74, 97, 83, 71, 92]
[56, 77, 86, 93, 68]
[91, 85, 79, 70, 66]
[91, 96, 57, 79, 52]
[96, 71, 96, 65, 95]
[50, 60, 97, 57, 84]
[69, 67, 50, 59, 63]
[58, 61, 98, 69, 90]
[73, 70, 59, 73, 73]
[57, 73, 56, 90, 77]
[71, 72, 75, 57, 74]
[53, 82, 54, 71, 78]
[89, 86, 75, 81, 54]
[95, 89, 80, 65, 78]
[70, 77, 61, 91, 90]
[90, 83, 63, 96, 88]
[93, 53, 94, 82, 75]
[73, 56, 70, 57, 70]
[85, 85, 88, 85, 73]
[90, 83, 82, 50, 66]
[74, 81, 77, 89, 61]
[72, 64, 88, 84, 97]
[79, 94, 83, 64, 77]
[90, 61, 72, 70, 69]
[60, 52, 88, 77, 51]
[84, 55, 65, 61, 51]
[93, 75, 79, 83, 84]
[79, 99, 68, 79, 71]
[90, 65, 99, 95, 71]
[57, 70, 87, 72, 70]
[75, 51, 95, 53, 74]
[81, 71, 57, 92, 53]
[93, 85, 73, 71, 61]
[67, 83, 55, 87, 87]
[74, 82, 89, 59, 97]
[61, 60, 100, 92, 58]
[93, 83, 68, 87, 74]
[57, 75, 66, 67, 99]
[79, 52, 53, 65, 57]
[66, 54, 55, 95, 95]
[51, 90, 63, 52, 95]
[79, 100, 60, 77, 98]
[67, 67, 87, 79, 67]
[75, 80, 73, 52, 82]
[89, 69, 89, 83, 66]
[57, 80, 96, 99, 59]
[74, 74, 97, 98, 53]
[95, 58, 72, 63, 53]
[59, 82, 59, 98, 53]
[82, 67, 75, 96, 88]
[64, 93, 66, 66, 87]
[90, 68, 67, 73, 91]
[53, 72, 94, 54, 55]
[70, 94, 98, 58, 65]
[56, 75, 92, 60, 99]
[53, 70, 66, 87, 98]
[70, 90, 79, 66, 82]
[78, 73, 91, 58, 76]
[73, 80, 94, 85, 81]
[68, 98, 55, 64, 66]
[96, 80, 88, 52, 57]
[80, 72, 70, 77, 88]
[81, 100, 92, 52, 84]
[83, 88, 55, 96, 91]
[99, 95, 75, 81, 82]
[91, 51, 50, 70, 89]
[89, 57, 73, 69, 58]
[65, 96, 97, 89, 56]
[70, 84, 64, 92, 85]
[81, 75, 81, 72, 68]
[60, 92, 100, 69, 99]
[74, 88, 62, 55, 65]
[77, 99, 51, 90, 71]
[58, 87, 52, 72, 78]
[68, 64, 81, 78, 91]
[98, 50, 78, 93, 87]
[94, 67, 72, 57, 67]
[92, 66, 96, 85, 52]
[63, 89, 59, 50, 80]
[59, 78, 80, 83, 95]
[56, 57, 69, 58, 68]
[52, 64, 62, 58, 77]
[64, 54, 68, 62, 69]
[77, 55, 95, 66, 93]
[94, 84, 67, 93, 65]
[68, 94, 55, 95, 59]
[64, 71, 100, 92, 75]
[77, 74, 71, 73, 63]
[91, 95, 100, 100, 91]
[64, 82, 77, 54, 81]
[88, 91, 74, 91, 78]
[65, 84, 97, 92, 99]
[91, 57, 78, 52, 51]
[88, 90, 75, 69, 92]
[56, 95, 69, 80, 52]
[94, 57, 90, 62, 73]
[68, 55, 79, 80, 78]
[57, 79, 60, 78, 81]
[75, 89, 71, 64, 79]
[62, 84, 63, 90, 57]
[91, 70, 62, 53, 54]
[56, 84, 54, 81, 92]
[80, 72, 80, 67, 84]
[59, 72, 94, 96, 83]
[82, 67, 50, 80, 64]
[59, 59, 60, 83, 80]
[93, 96, 71, 58, 70]
[61, 75, 82, 74, 67]
[85, 58, 88, 75, 57]
[77, 61, 96, 52, 57]
[61, 85, 67, 95, 51]
[96, 85, 52, 79, 60]
[55, 63, 100, 87, 78]
[91, 95, 80, 76, 98]
[79, 99, 67, 60, 52]
[85, 82, 65, 58, 80]
[51, 53, 51, 76, 68]
[66, 91, 70, 85, 82]
[67, 60, 75, 72, 78]
[80, 52, 87, 78, 91]
[55, 62, 56, 98, 70]
[60, 69, 53, 55, 56]
[97, 98, 99, 98, 90]
[67, 81, 75, 71, 67]
[94, 70, 85, 72, 96]
[54, 64, 53, 97, 66]
[99, 50, 90, 98, 98]
[73, 70, 96, 58, 83]
[92, 53, 92, 93, 65]
[99, 58, 65, 55, 87]
[51, 88, 51, 59, 91]
[74, 97, 59, 74, 67]
[81, 78, 54, 59, 86]
[89, 87, 87, 93, 59]
[68, 62, 78, 96, 84]
[91, 95, 56, 72, 92]
[58, 65, 69, 70, 90]
[56, 99, 100, 97, 53]
[73, 88, 100, 90, 80]
[75, 59, 68, 78, 72]
[53, 64, 90, 65, 56]
[75, 62, 55, 75, 54]
[72, 99, 52, 73, 72]
[70, 90, 80, 72, 65]
[85, 62, 94, 71, 83]
[90, 52, 59, 51, 66]
[100, 81, 59, 86, 62]
[71, 72, 56, 64, 69]
[66, 78, 50, 94, 84]
[82, 53, 81, 57, 79]
[74, 84, 73, 71, 62]
[61, 76, 76, 98, 66]
[62, 95, 68, 97, 79]
[53, 81, 71, 52, 83]
[84, 87, 62, 63, 61]
[94, 61, 96, 88, 75]
[90, 93, 58, 77, 65]
[59, 72, 71, 55, 92]
[61, 77, 88, 77, 63]
[96, 74, 70, 56, 88]
[95, 93, 58, 58, 69]
[59, 55, 63, 63, 70]
[93, 100, 93, 96, 54]
[97, 69, 62, 84, 83]
[70, 68, 79, 68, 68]
[67, 84, 85, 88, 70]
[54, 61, 61, 67, 79]
[52, 50, 78, 100, 73]
[68, 100, 58, 64, 96]
[55, 63, 75, 60, 95]
[90, 92, 84, 87, 71]
[70, 58, 59, 73, 68]
[81, 74, 67, 99, 60]
[86, 76, 65, 71, 93]
[51, 88, 91, 53, 51]
[65, 61, 76, 67, 90]
[86, 65, 75, 63, 90]
[76, 72, 67, 66, 68]
[67, 74, 59, 66, 63]
[59, 73, 62, 78, 84]
[88, 74, 58, 100, 74]
[80, 88, 94, 66, 99]
[75, 65, 62, 52, 51]
[62, 69, 80, 52, 98]
[84, 63, 74, 56, 99]
[58, 57, 56, 83, 88]
[98, 95, 60, 81, 88]
[62, 54, 79, 100, 90]
[87, 62, 91, 54, 75]
[98, 70, 72, 85, 95]
[70, 67, 91, 58, 60]
[88, 54, 64, 62, 69]
[82, 90, 78, 78, 89]
[100, 90, 62, 61, 59]
[93, 80, 77, 82, 52]
[73, 62, 81, 90, 71]
[94, 62, 73, 64, 56]
[95, 82, 58, 94, 77]
[85, 71, 78, 75, 74]
[53, 67, 77, 74, 90]
[90, 74, 96, 66, 69]
[68, 74, 93, 74, 93]
[86, 53, 91, 58, 98]
[57, 55, 89, 56, 65]
[57, 100, 61, 96, 80]
[97, 51, 72, 92, 61]
[71, 72, 73, 65, 76]
[50, 65, 56, 53, 99]
[64, 68, 66, 67, 57]
[80, 76, 98, 88, 73]
[88, 55, 83, 60, 75]
[73, 68, 94, 99, 94]
[77, 87, 67, 65, 93]
[64, 58, 77, 80, 79]
[72, 55, 83, 93, 63]
[72, 89, 90, 80, 57]
[70, 97, 70, 61, 93]
[62, 68, 52, 69, 94]
[91, 97, 89, 88, 81]
[92, 65, 71, 89, 58]
[90, 79, 53, 52, 51]
[93, 71, 89, 79, 51]
[94, 91, 96, 98, 95]
[61, 58, 75, 61, 66]
[50, 91, 90, 55, 56]
[99, 95, 63, 50, 82]
[75, 98, 65, 54, 90]
[86, 91, 88, 91, 60]
[88, 82, 59, 66, 82]
[73, 86, 67, 75, 84]
[68, 71, 81, 81, 60]
[80, 67, 100, 88, 95]
[59, 92, 88, 84, 63]
[81, 58, 60, 66, 65]
[74, 55, 55, 79, 60]
[88, 81, 50, 56, 97]
[99, 94, 69, 56, 68]
[70, 80, 98, 99, 64]
[68, 52, 91, 72, 78]
[59, 82, 73, 80, 61]
[77, 78, 91, 99, 71]
[90, 100, 90, 56, 87]
[63, 98, 92, 75, 53]
[73, 96, 81, 63, 66]
[85, 89, 53, 96, 91]
[95, 99, 71, 60, 60]
[88, 59, 75, 96, 60]
[89, 85, 90, 78, 77]
[100, 96, 66, 70, 92]
[95, 99, 98, 96, 98]
[93, 74, 57, 71, 70]
[96, 85, 90, 83, 71]
[69, 60, 96, 71, 81]
[84, 79, 78, 95, 78]
[93, 58, 69, 94, 53]
[93, 95, 78, 65, 86]
[64, 77, 66, 97, 81]
[81, 91, 99, 89, 94]
[70, 63, 50, 55, 68]
[96, 50, 71, 59, 91]
[100, 93, 87, 53, 71]
[61, 89, 58, 56, 61]
[85, 62, 77, 78, 77]
[87, 99, 100, 100, 98]
[73, 93, 52, 93, 70]
[67, 80, 66, 57, 55]
[53, 91, 93, 91, 80]
[92, 66, 92, 100, 81]
[53, 79, 66, 69, 76]
[95, 93, 99, 76, 88]
[92, 78, 78, 70, 66]
[100, 89, 87, 57, 87]
[81, 83, 91, 74, 72]
[72, 93, 68, 69, 82]
[95, 57, 82, 58, 65]
[78, 97, 84, 90, 59]
[78, 82, 69, 58, 71]
[95, 82, 61, 94, 51]
[64, 56, 97, 100, 100]
[61, 62, 84, 68, 65]
[68, 56, 57, 77, 92]
[73, 52, 99, 93, 52]
[89, 53, 88, 86, 89]
[74, 85, 54, 61, 55]
[76, 95, 100, 88, 100]
[60, 69, 52, 51, 77]
[89, 86, 100, 56, 51]
[59, 96, 82, 93, 78]
[78, 54, 56, 92, 51]
[55, 100, 87, 71, 76]
[76, 77, 72, 53, 88]
[83, 55, 91, 80, 65]
[75, 62, 98, 99, 83]
[53, 82, 61, 51, 67]
[93, 89, 99, 75, 70]
[84, 63, 80, 65, 87]
[73, 62, 65, 98, 56]
[74, 67, 51, 90, 78]
[100, 72, 59, 69, 62]
[81, 54, 57, 78, 82]
[91, 79, 100, 66, 69]
[56, 54, 92, 74, 68]
[81, 64, 73, 53, 68]
[90, 80, 62, 51, 64]
[96, 55, 55, 93, 73]
[71, 54, 92, 68, 50]
[76, 52, 77, 94, 90]
[60, 54, 96, 71, 53]
[80, 53, 78, 64, 53]
[95, 56, 81, 92, 73]
[94, 90, 66, 53, 59]
[51, 70, 70, 74, 92]
[66, 100, 62, 73, 93]
[87, 75, 83, 86, 91]
[87, 91, 71, 80, 78]
[65, 89, 55, 77, 72]
[55, 71, 76, 62, 53]
[82, 62, 92, 73, 85]
[79, 77, 58, 90, 89]
[90, 53, 62, 93, 84]
[81, 66, 62, 88, 98]
[50, 57, 63, 91, 53]
[97, 96, 59, 62, 67]
[66, 53, 80, 92, 79]
[100, 84, 100, 50, 96]
[57, 69, 62, 56, 52]
[53, 85, 71, 96, 52]
[59, 97, 55, 92, 74]
[100, 51, 64, 52, 82]
[69, 87, 85, 68, 98]
[55, 79, 87, 84, 58]
[72, 86, 55, 81, 71]
[70, 84, 97, 81, 92]
[94, 87, 82, 67, 81]
[66, 89, 94, 84, 96]
[56, 97, 72, 62, 92]
[80, 56, 62, 86, 50]
[67, 72, 79, 59, 66]
[57, 72, 64, 81, 75]
[55, 57, 74, 70, 94]
[85, 66, 74, 71, 56]
[74, 66, 56, 86, 59]
[86, 97, 64, 59, 97]
[97, 94, 93, 100, 72]
[61, 64, 70, 59, 54]
[63, 58, 72, 65, 55]
[68, 60, 62, 59, 94]
[88, 93, 93, 72, 61]
[87, 61, 89, 57, 84]
[67, 81, 76, 77, 70]
[85, 66, 70, 88, 73]
[96, 54, 73, 72, 77]
[56, 94, 61, 58, 62]
[62, 68, 82, 60, 75]
[66, 54, 51, 87, 53]
[81, 58, 92, 86, 54]
[73, 93, 88, 63, 78]
[60, 90, 94, 52, 88]
[74, 64, 68, 52, 67]
[99, 68, 96, 64, 60]
[50, 75, 92, 93, 81]
[99, 67, 74, 51, 89]
[56, 75, 86, 100, 50]
[70, 55, 62, 100, 51]
[89, 65, 71, 82, 100]
[76, 51, 64, 76, 78]
[62, 91, 89, 76, 62]
[85, 96, 54, 58, 83]
[91, 76, 91, 85, 63]
[79, 92, 96, 87, 50]
[75, 63, 95, 84, 83]
[98, 69, 64, 74, 53]
[93, 73, 81, 84, 56]
[55, 85, 99, 85, 92]
[62, 79, 90, 80, 78]
[63, 52, 91, 84, 83]
[62, 61, 85, 58, 61]
[84, 73, 61, 67, 73]
[69, 72, 76, 52, 80]
[96, 98, 51, 60, 97]
[80, 78, 54, 90, 72]
[52, 78, 85, 60, 70]
[85, 69, 83, 93, 78]
[79, 69, 96, 51, 76]
[61, 88, 85, 74, 95]
[51, 91, 76, 60, 86]
[84, 84, 61, 75, 97]
[86, 81, 94, 52, 50]
[79, 50, 86, 63, 82]
[62, 70, 97, 95, 99]
[79, 55, 68, 53, 60]
[50, 60, 61, 76, 53]
[99, 61, 80, 80, 88]
[74, 82, 77, 63, 68]
